cv_r2: 0.887289
cv_neg_mean_squared_error: -0.259884
cv_neg_root_mean_squared_error: -0.509695
cv_neg_mean_absolute_percentage_error: -411077960795.327
cv_explained_variance: 0.887476
