cv_r2: 0.888091
cv_neg_mean_squared_error: -0.258057
cv_neg_root_mean_squared_error: -0.507893
cv_neg_mean_absolute_percentage_error: -392429739967.6709
cv_explained_variance: 0.888285
