cv_r2: 0.888354
cv_neg_mean_squared_error: -0.257442
cv_neg_root_mean_squared_error: -0.507287
cv_neg_mean_absolute_percentage_error: -382224318858.43207
cv_explained_variance: 0.888536
